import React from 'react';
import { Link } from "react-router-dom";
import finance_home from '../../assets/finance_home.jpg';
import "../../styles/global.css";
import "../../styles/home.css";
import Plot from 'react-plotly.js';
import bsmote_tree from '../../assets/bsmote_tree.png';
import original_tree from '../../assets/original_tree.png';
import ImageZoom from "react-image-zooom";


function Home() {

  var x_axis = ["Amount", "Time", "V1", "V2", "V3", "V4", "V5", "V6", "V7","V8","V9","V10","V11","V12","V13","V14","V15","V16","V17","V18","V19","V20","V21","V22","V23","V24", "V25", "V26", "V27", "V28"]
  

  var iqr_fraud_percentage = {
    y: x_axis,
    x: [0.2852306920762287, 0.0, 2.463891248937978, 1.8187195031790626, 9.27743086529884, 2.852529601722282, 1.6917446116307442, 0.5965599825821903, 3.3638801966919987, 1.0234523908179334, 2.6922612579983096, 4.201769165964617, 37.69230769230769, 2.6648423247328643, 0.23752969121140144, 3.0390840342073644, 0.414651002073255, 4.2888563049853365, 5.350404312668464, 3.14615690959777, 1.3228809407153355, 0.6985956067698955, 1.6831068496930401, 2.126044039483675, 0.8036243999784263, 0.06284038542103058, 1.0247810694987889, 0.17869907076483202, 0.8783801036692798, 0.8964471689407422], 
    orientation: 'h',
    name: 'IQR',
    type: 'bar'
  };

  var robust_z_score_fraud_percentage = {
    y: x_axis,
    x: [0.22975671555259708, 0.0, 3.6390977443609023, 2.18335343787696, 14.301133297355639, 6.8481848184818475, 3.1781226903178124, 0.4190943473372176, 4.797794117647059, 1.242165242165242, 6.15678776290631, 6.494413407821228, 72.75747508305648, 5.045278137128072, 0.0, 6.536356528537921, 0.48661800486618007, 11.702127659574469, 10.233441910966341, 14.80927449513837, 2.03125, 0.8381376871275616, 1.9151718983557549, 3.392857142857143, 0.9070655633354552, 0.26109660574412535, 1.2725344644750796, 0.17152658662092624, 1.1597239784674302, 1.1227655488255281], 
    orientation: 'h',
    name: 'Robust Z-Score',
    type: 'bar'
  };

  var winsorization_fraud_percentage = {
    y: x_axis,
    x: [0.7297970808116768, 0.0351123595505618, 2.035802035802036, 3.0361530361530362, 5.265005265005265, 4.22955422955423, 3.194103194103194, 2.8782028782028783, 4.492804492804493, 2.457002457002457, 3.949447077409163, 6.914706914706915, 6.037206037206038, 6.388206388206388, 0.19305019305019305, 7.23060723060723, 0.4914004914004914, 5.738855738855738, 6.984906984906986, 4.089154089154089, 1.71990171990172, 0.7546507546507547, 1.71990171990172, 0.7722007722007722, 0.8950508950508951, 0.05265005265005265, 1.0354510354510353, 0.22815022815022815, 2.843102843102843, 1.7374517374517375], 
    orientation: 'h',
    name: 'Winsorization',
    type: 'bar'
  };

  var z_score_fraud_percentage = {
    y: x_axis,
    x: [0.2698724239450442, 0.0, 3.458524723047825, 3.0106530801296896, 13.638651233014595, 7.789269553975436, 4.957555178268251, 1.0103181427343078, 6.409879447221406, 2.5349443259891022, 6.977758395115568, 9.346330275229358, 42.39766081871345, 10.875331564986737, 0.25167785234899326, 12.159763313609467, 0.4784688995215311, 14.058738565238324, 14.67196819085487, 12.640949554896142, 2.177110914974993, 0.7104413347685684, 1.9438976377952757, 2.127659574468085, 0.8026159334126041, 0.30441400304414, 1.2815948736205056, 0.19102196752626552, 2.9134353385034584, 1.3480392156862746], 
    orientation: 'h',
    name: 'Z-Score',
    type: 'bar'
  };

  const data_fraud_percentages = [iqr_fraud_percentage, robust_z_score_fraud_percentage, winsorization_fraud_percentage, z_score_fraud_percentage]


  var lightgbm_bsmote = {
    x: x_axis,
    y: [0.0002884108095433, 1.524122164249242e-05, 0.0, 2.2275631631363257e-05, 1.172401664795153e-06, 0.006843308517498, 0.0, 3.5172049944254266e-05, 0.0011829532797936, 0.0, 1.1724016648051447e-05, 0.0098423119760829, 0.0002426871446157, 0.0037868573773374, 0.0003552377044374, 0.0291998358637668, 4.689606659213919e-06, 3.517204994426537e-05, 0.0037118236707895, 2.3448033296125104e-06, 0.0009261973152001, 0.0, 7.034409988837531e-06, 0.0, 0.0, 5.744768157563973e-05, -1.1724016648173577e-06, 0.0013306758895597, 0.0002098598980009, 0.0],
    name: 'LightGBM',
    type: 'bar'
  };

  var lightgbm_smote = {
    x: x_axis,
    y: [0.00114309162319, 0.002243976786447, 0.0023705961662465, 0.0009555073568204, 0.0023061140746819, 0.0212146081247434, 0.0001254469781346, 0.0001535846180901, 0.0010704027199718, 0.0045817457060788, 0.0004513746409519, 0.0011161263848994, 0.0010246790550442, 0.0042382320182894, 0.0003974441643706, 0.0980538132364147, 0.0006166832756902, 0.0004279266076557, 0.0033120347030892, 0.0005428219708071, 0.0002614455712526, 0.000123102174805, 8.441291986632793e-05, 0.0001934462746936, 0.0001289641831291, 0.0005475115774663, 0.0007667506887859, 0.0011829532797936, 6.91716982237911e-05, 0.0001676534380678],
    name: 'LightGBM',
    type: 'bar'
  };

  var lightgbm_original = {
    x: x_axis,
    y: [1.170357193014393e-05, -3.277000140444741e-05, 2.1066429474259075e-05, 2.340714386028786e-05, 1.872571508823029e-05, 2.340714386028786e-05, 7.022143158086358e-06, 0.0, 1.4044286316172715e-05, 2.1066429474259075e-05, 2.340714386028786e-05, 0.0009081971817798, 0.0, 4.447357333454693e-05, 0.0, 0.0009128786105518, 9.362857544115145e-06, 0.0, 0.0, 0.0, 0.0, -1.1703571930166134e-05, 0.0, 1.170357193014393e-05, 7.958428912497872e-05, 0.0, 3.979214456248936e-05, 9.362857544115145e-06, 4.681428772057572e-06, 2.340714386028786e-05],
    name: 'LightGBM',
    type: 'bar'
  };

  var mlp_bsmote = {
    x: x_axis,
    y: [0.0007280614338472, 0.0044023682513629, 0.0103780995369013, 0.0004537194442816, 0.0048033296207281, 0.0068292396975204, 0.0035289290110792, 0.0048631221056334, 0.0011970220997714, 0.0210375754733572, 0.0065572425112844, 0.0564804502022393, 0.0035711354710124, 0.0148719151181195, 0.0019614279852277, 0.1219379799519315, 0.0037305820974266, 0.0088680461926256, 0.0019508763702444, 0.0014068819977724, 0.0143560583856029, 0.0019403247552612, 0.0011512984348438, 0.0057283545342635, 0.0016706723723548, 0.0026601793774547, 0.0058971803739961, 0.0050553959786623, 0.0009062664868984, 0.0032909314731227],
    name: 'MLP',
    type: 'bar'
  };

  var mlp_original = {
    x: x_axis,
    y: [0.0017016993586442, 1.6385000702212604e-05, 8.66064322831539e-05, 5.383643087871759e-05, 0.0002715228687795, 0.0001100135761434, 2.3407143860298963e-05, 5.851785965077516e-05, 0.0005219793080848, 2.5747858246316645e-05, -4.447357333455804e-05, -1.872571508823029e-05, 0.0004002621600112, 9.362857544124026e-05, 1.1703571930155031e-05, 0.002982070127803, 5.383643087870648e-05, 0.0004845278779083, 0.0003300407284303, 3.745143017648278e-05, 2.340714386039888e-06, 3.979214456250047e-05, -6.7880717194857e-05, 0.0001287392912316, 8.426571789712511e-05, 6.554000280885041e-05, 7.490286035300997e-05, 7.958428912504533e-05, 6.085857403680395e-05, 7.256214596695898e-05],
    name: 'MLP',
    type: 'bar'
  };

  var mlp_smote = {
    x: x_axis,
    y: [0.0074693710065068, 0.016809895070051, 0.0254211852980831, 0.0158625945248842, 0.0163796236590656, 0.0409848173984407, 0.0117193270414444, 0.0145975731285538, 0.0071575121636673, 0.0318940148895011, 0.0190386306348555, 0.0401102057564922, 0.0141426812826074, 0.0321179436074799, 0.0113500205170291, 0.1949047423647342, 0.0155026672137875, 0.0076604724778709, 0.0081247435371358, 0.0113007796471071, 0.0087848056744241, 0.0073908200949645, 0.0116384313265725, 0.0104226508001641, 0.009687554956328, 0.0129878656427692, 0.0165097602438596, 0.0122609766105868, 0.0057646989858726, 0.011827187994607],
    name: 'MLP',
    type: 'bar'
  };

  var random_forest_bsmote = {
    x: x_axis,
    y: [0.0001571018230846, 4.220645993314731e-05, 2.4620434961020172e-05, 0.0008769564452781, 5.393047658125427e-05, 0.0107520956679758, 3.98616566035237e-05, 3.634445160910493e-05, 1.641362330733198e-05, 0.0, 2.462043496100908e-05, 0.00751157746644, 0.0003470308927838, 0.0400023448033296, 0.0002379975379565, 0.0100005862008323, 6.0964886570136215e-05, 6.917169822382441e-05, 0.0002743419895656, 3.517204994429868e-05, 0.000568614807433, 0.0, -1.1724016648062552e-06, 0.0, 0.0, 1.1724016648062552e-05, 0.0, 1.406881997771947e-05, 3.0482443285073657e-05, -4.689606659225021e-06],
    name: 'Random Forest',
    type: 'bar'
  };

  var random_forest_original = {
    x: x_axis,
    y: [-2.3407143860065816e-06, 0.0, -3.511071579043179e-05, 2.1066429474358998e-05, 3.511071579053171e-05, 0.0001029914329853, 1.404428631623933e-05, 0.0, 1.6385000702279218e-05, 1.170357193019944e-05, 0.0, 0.0001638500070222, 2.340714386039888e-05, 0.0001802350077244, 1.6385000702279218e-05, 0.0004447357333459, 0.0, 4.4473573334657954e-05, 9.362857544126246e-05, 2.1066429474358998e-05, 0.0, -1.872571508823029e-05, -1.872571508823029e-05, -1.63850007022015e-05, 0.0, -4.681428772046469e-06, 0.0, 1.87257150882969e-05, -4.681428772057572e-06, 0.0],
    name: 'Random Forest',
    type: 'bar'
  }; 

  var random_forest_smote = {
    x: x_axis,
    y: [0.0003552377044374, 0.0015088809426108, 0.0006588897356233, 0.0003106864411746, 0.0014256404244093, 0.0187091857670437, 0.0002215839146491, 0.0001981358813529, 0.0003857201477225, 0.0012955038396154, 0.0002825488012192, 0.0013846063661409, 0.0011770912714695, 0.0056075971627879, 0.0005135119291868, 0.0246661586259451, 0.0002637903745822, 0.0002942728178673, 0.0009215077085409, 0.0002731695879007, 0.0004044785743595, 0.0002227563163139, 0.0003118588428395, 0.0001406881997772, 0.0002673075795767, 0.000196963479688, 0.0002321355296324, 0.0002309631279675, 7.855091154225224e-05, 0.0002133771029954],
    name: 'Random Forest',
    type: 'bar'
  }; 

  var reg_log_bsmote = {
    x: x_axis,
    y: [0.0018922562870039, -2.5792836625804228e-05, 0.0101787912538836, 0.0002204115129843, 0.0073685444633331, 0.1746561932117943, 0.0655747699161733, 0.0041784395333841, 0.0101283779822967, 0.0134134474470953, 0.0001676534380679, 0.2937253062899349, 0.005050706372003, 0.0485831525880766, 0.000562752799109, 0.0035441702327217, 0.0011595052464974, 0.0001125505598218, 0.009050940852336, 0.000234480332962, 0.0082220528753151, -4.689606659225021e-06, 0.0136807550266721, 0.0001864118647048, 0.0024339058561463, 1.1724016648395618e-06, 0.0002954452195322, 0.0001922738730289, 0.0116712585731872, 5.158567325165286e-05],
    name: 'Regressão Logística',
    type: 'bar'
  }; 

  var reg_log_original = {
    x: x_axis,
    y:[0.0, 0.0, 0.0, 0.0, 0.0, 0.0001381021487758, 1.872571508823029e-05, 0.0, 0.0, 4.681428772057572e-06, 4.213285894856256e-05, 0.0002013014371986, 0.0001006507185993, 0.000154487149478, 0.0, 0.0007022143158091, 0.0, 7.256214596700339e-05, 7.02214315809746e-05, 0.0, 0.0, 0.0, 4.681428772057572e-06, 0.0, 0.0, 0.0, 0.0, 0.0, 0.0, 0.0],
    name: 'Regressão Logística',
    type: 'bar'
  };
  
  var reg_log_smote = {
    x: x_axis,
    y: [0.0366527932469663, 0.0007737850987748, 0.0248725013189518, 0.0997420716337417, 0.0110756785274634, 0.0692232838970631, 0.0256087695644527, 0.0137299958965941, 0.1266193797995193, 0.0128647634679641, 0.0123371827187994, 0.1195415909490591, 0.053470895128671, 0.1833202415147429, 0.0012943314379506, 0.2343818512222287, 0.0001277917814643, 0.0820446685034292, 0.1687871504777536, 0.0162858315258807, 0.0027985227739023, 0.0072477870918576, -3.048244328508476e-05, 0.0041034058268362, 0.0076686792895245, -1.1102230246251566e-17, -8.206811653674873e-05, -5.393047658129869e-05, 0.000327100064482, 0.0011524708365085],
    name: 'Regressão Logística',
    type: 'bar'
  };
  
  var xgboost_bsmote = {
    x: x_axis,
    y: [0.0004033061726947, 4.806846825720079e-05, -2.3448033296569195e-06, 7.034409988859735e-06, -1.4068819977752776e-05, 0.0062922797350371, 2.344803329623613e-05, 0.0001113781581569, 6.565449322936124e-05, 2.1103229966568104e-05, 2.3448033296014083e-06, 0.0103710651269124, 0.0001406881997772, 0.0032370009965413, 0.0005369599624831, 0.020735095843836, 2.1103229966579207e-05, 8.324051820151057e-05, 0.0024350782578111, 2.3448033296125104e-06, 0.0018899114836742, 4.689606659225021e-06, -8.206811653721502e-06, -8.2068116537104e-06, 9.84817398440474e-05, 1.758602497214934e-05, -4.689606659258328e-06, 3.634445160911603e-05, 8.910252652556405e-05, 2.4620434960997973e-05],
    name: 'XGBoost',
    type: 'bar'
  };

  var xgboost_original = {
    x: x_axis,
    y: [1.638500070223481e-05, 4.681428772068674e-06, 0.0, 0.0, 0.0, 7.02214315809635e-05, 2.340714386028786e-06, 9.362857544115145e-06, 3.745143017650498e-05, -7.022143158086358e-06, 0.0, 0.0001802350077244, 0.0, -1.872571508823029e-05, 0.0, 0.0011258836196807, 9.362857544115145e-06, 2.340714386028786e-05, 4.681428772068674e-05, 0.0, -1.63850007022015e-05, -2.340714386028786e-05, -2.1066429474259075e-05, 1.4044286316172715e-05, 0.0, 4.681428772057572e-06, 0.0, -1.4044286316161614e-05, 2.1066429474259075e-05, 0.0],
    name: 'XGBoost',
    type: 'bar'
  };

  var xgboost_smote = {
    x: x_axis,
    y: [0.0015041913359517, 0.0016085350841198, 0.0015381909842312, 0.0008441291986634, 0.003127967641714, 0.0239322351837739, 0.0003341344744709, 0.0006706137522715, 0.0008230259686969, 0.0049639486488071, 0.0005416495691424, 0.0015815698458292, 0.0014643296793481, 0.0070801336537898, 0.0006823377689196, 0.0789624245266428, 0.0006225452840143, 0.0004642710592649, 0.0044656779412627, 0.0008628876253004, 0.0004314438126502, 0.0002051702913418, 0.0002403423412861, 0.0007843367137581, 0.0002485491529398, 0.0003786857377337, 0.0008699220352893, 0.001613224690779, 0.0002684799812415, 0.000407995779354],
    name: 'XGBoost',
    type: 'bar'
  };

  var decision_tree_bsmote = {
    x: x_axis,
    y: [0.000196963479688, 0.0088856322175977, -3.5172049944853788e-06, 0.0, 0.0179142974383023, 0.0156269417902572, 0.0002684799812415, 0.000852336010317, 0.002453836684448, 0.0, 0.0009543349551555, 0.0362319010492994, 0.0246661586259452, 0.1690497684506711, 0.001458467671024, 0.057607128202122, 0.0, 0.0005170291341813, 0.0288715633976199, 0.0003857201477225, 0.0004150301893428, 1.4068819977675062e-05, 0.0003317896711412, 0.0, 0.0007128202122046, 0.0, 0.0, 0.02407995779354, 0.0, 0.0],
    name: 'Árvore de decisão',
    type: 'bar'
  };

  var decision_tree_original = {
    x: x_axis,
    y: [4.681428772057572e-06, -3.745143017648278e-05, 0.0, 0.0, 0.0, 0.0, 0.0, 0.0, 2.1066429474270178e-05, 0.0, 0.0, 0.0004564393052759, 0.0, 0.0002972707270259, 0.0, 0.0002527971536913, 0.0, 0.0, 0.0009479893263424, 2.340714386028786e-05, -4.681428772057572e-06, 0.0, 0.0, 0.0, 0.0, 0.0, 0.0, 0.0, 0.0, 0.0],
    name: 'Árvore de decisão',
    type: 'bar'
  };

  var decision_tree_smote = {
    x: x_axis,
    y: [0.0051796705551322, 0.0045348496394865, 0.0051585673251656, 0.0060765578287121, 0.0052160120067413, 0.0437540301307228, 0.0016378451257401, 0.0025710768509291, 0.0047833987924263, 0.006670965472771, 0.0045817457060789, 0.0126279383316724, 0.0035418254293921, 0.028574945776423, 0.0051104988569084, 0.2133583445688493, 0.0015241221642535, 0.0038419602555836, 0.0061445571252711, 0.006200832405182, 0.0010504718916701, 0.0024186646345038, 0.0056240107860953, 0.0005568907907849, 0.0033178967114133, 0.0020481857084237, 0.0028770736854446, 0.008982941555777, 0.0037411337124099, 0.0023096312796764],
    name: 'Árvore de decisão',
    type: 'bar'
  };

  const data_smote = [decision_tree_smote, xgboost_smote, random_forest_smote, reg_log_smote, lightgbm_smote, mlp_smote];
  const data_bsmote = [decision_tree_bsmote, xgboost_bsmote, random_forest_bsmote, reg_log_bsmote, lightgbm_bsmote, mlp_bsmote];
  const data_original = [decision_tree_original, xgboost_original, random_forest_original, reg_log_original, lightgbm_original, mlp_original];
  
  const x_values = ['Time', 'V1', 'V2', 'V3', 'V4', 'V5', 'V6', 'V7', 'V8', 'V9', 'V10', 'V11', 'V12', 'V13', 'V14', 'V15', 'V16', 'V17', 'V18', 'V19', 'V20', 'V21', 'V22', 'V23', 'V24', 'V25', 'V26', 'V27', 'V28', 'Amount', 'Class']
  const y_values = ['Time', 'V1', 'V2', 'V3', 'V4', 'V5', 'V6', 'V7', 'V8', 'V9', 'V10', 'V11', 'V12', 'V13', 'V14', 'V15', 'V16', 'V17', 'V18', 'V19', 'V20', 'V21', 'V22', 'V23', 'V24', 'V25', 'V26', 'V27', 'V28', 'Amount', 'Class']
  const pearson_original = [[1.0, 0.11739630597838789, -0.010593327121342788, -0.41961817221152137, -0.1052602054457292, 0.1730721233103911, -0.06301647037315108, 0.08471437480498875, -0.03694943469000893, -0.008660433697684605, 0.030616628592319686, -0.24768943748667419, 0.12434806837193216, -0.06590202369761909, -0.09875681920622491, -0.18345327348103557, 0.011902867722434273, -0.07329721331779822, 0.09043813254861119, 0.028975302561134116, -0.05086601846835266, 0.04473572628908045, 0.14405905486145879, 0.05114236494177282, -0.016181868459307136, -0.23308279059831072, -0.04140710060605856, -0.0051345911239974755, -0.009412688179052135, -0.010596373389030208, -0.012322570929245588], [0.11739630597838789, 1.0, 4.1358354564892754e-16, -1.2278194121819788e-15, -9.215150243899318e-16, 1.8126116695596912e-17, -6.506566620719457e-16, -1.005191388479541e-15, -2.433821872330018e-16, -1.5136779944803127e-16, 7.388134717351061e-17, 2.1254983311063253e-16, 2.0534566920177348e-16, -2.4256031737394643e-17, -5.020280380415147e-16, 3.5477819410318954e-16, 7.212815001934148e-17, -3.87983961824813e-16, 3.230205740239066e-17, 1.5020239355025085e-16, 4.654551139305108e-16, -2.4574089417386587e-16, -4.2909438718268266e-16, 6.168652436530227e-16, -4.4251562937334496e-17, -9.605737402666084e-16, -1.5812895377398922e-17, 1.1981236332134924e-16, 2.0830815396728918e-15, -0.22770865292240447, -0.10134729859508294], [-0.010593327121342788, 4.1358354564892754e-16, 1.0, 3.2437637564730876e-16, -1.1210645517879283e-15, 5.157519226850325e-16, 2.787345616249733e-16, 2.0559335979979422e-16, -5.377040798099404e-17, 1.9784883982576268e-17, -3.9913938358309816e-16, 1.9754261716388057e-16, -9.568709787237782e-17, 6.295388359367237e-16, -1.7305655729049333e-16, -4.995813738381819e-17, 1.1773156245287562e-17, -2.6852960349785897e-16, 3.2846050560664826e-16, -7.118719066768033e-18, 2.50667497634529e-16, -8.480446676665688e-17, 1.5263331954819332e-16, 1.6342312638331767e-16, 1.2479254148791624e-17, -4.478845863905263e-16, 2.0573095296611221e-16, -4.966952901962228e-16, -5.093835621862943e-16, -0.5314089393280346, 0.0912886503446179], [-0.41961817221152137, -1.2278194121819788e-15, 3.2437637564730876e-16, 1.0, 4.711292683654366e-16, -6.539008510650542e-17, 1.627626540252481e-15, 4.895304621446415e-16, -1.268778573826182e-15, 5.568366908598342e-16, 1.1565865750566837e-15, 1.5768296423313399e-15, 6.310231445379778e-16, 2.807651947490283e-16, 4.739859022371114e-16, 9.068793155133045e-16, 8.299444784584843e-16, 7.614711699539666e-16, 1.5098965169385715e-16, 3.463522445596662e-16, -9.316408952450645e-16, 5.706192013553349e-17, -1.1339017399048806e-15, -4.983034749508378e-16, 2.686833641516197e-19, -1.1047337449307866e-15, -1.2380624286864503e-16, 1.0457467776682414e-15, 9.775546470754552e-16, -0.2108804752899098, -0.19296082706741602], [-0.1052602054457292, -9.215150243899318e-16, -1.1210645517879283e-15, 4.711292683654366e-16, 1.0, -1.7199442557407963e-15, -7.491958618234819e-16, -4.104502892359598e-16, 5.697192192200434e-16, 6.92324681822723e-16, 2.232684984042872e-16, 3.459380257636673e-16, -5.625517514717779e-16, 1.3033060401606038e-16, 2.282279888410829e-16, 1.3776486407170148e-16, -9.614528436638084e-16, -2.699612312806123e-16, -5.103644326568441e-16, -3.9805573017882795e-16, -1.8572469274698646e-16, -1.9495531570649426e-16, -6.276051371170312e-17, 9.164206002886586e-17, 1.5846375199907873e-16, 6.0707156393623205e-16, -4.247267766169872e-16, 3.977060870415758e-17, -2.7614028067346953e-18, 0.09873166631356645, 0.13344748623900718], [0.1730721233103911, 1.8126116695596912e-17, 5.157519226850325e-16, -6.539008510650542e-17, -1.7199442557407963e-15, 1.0, 2.408382066295025e-16, 2.7155407001970747e-16, 7.437229396632891e-16, 7.391701641490924e-16, -5.202305881659873e-16, 7.203963319401883e-16, 7.412552025077167e-16, 5.88699112533171e-16, 6.56514268095602e-16, -8.720275105769596e-16, 2.246261396202371e-15, 1.2819137171547366e-16, 5.308589701106476e-16, -1.4504208046983195e-16, -3.5540572101531124e-16, -3.9209757534272204e-16, 1.2537514849245887e-16, -8.428682666724684e-18, -1.1492545365112402e-15, 4.808531869137339e-16, 4.3195414687166863e-16, 6.590482071768851e-16, -5.6139507078607e-18, -0.38635625616306496, -0.09497429899144802], [-0.06301647037315108, -6.506566620719457e-16, 2.787345616249733e-16, 1.627626540252481e-15, -7.491958618234819e-16, 2.408382066295025e-16, 1.0, 1.191667589072508e-16, -1.1042189042385735e-16, 4.1312074945098704e-16, 5.932243209613179e-17, 1.9805032684309883e-15, 2.3754678641019686e-16, -1.2111822796008627e-16, 2.6213119453640026e-16, -1.531187930589043e-15, 2.62367236701838e-18, 2.0156175061319107e-16, 1.2238142286241463e-16, -1.865597144392931e-16, -1.8587549872133942e-16, 5.83331648964142e-17, -4.705234695674811e-19, 1.0467124490962339e-16, -1.0715891491067084e-15, 4.562860891491776e-16, -1.3570673248129112e-16, -4.452461023430561e-16, 2.5947542005622326e-16, 0.2159811802252743, -0.04364316069996494], [0.08471437480498875, -1.005191388479541e-15, 2.0559335979979422e-16, 4.895304621446415e-16, -4.104502892359598e-16, 2.7155407001970747e-16, 1.191667589072508e-16, 1.0, 3.344411790071421e-16, 1.1225014439079958e-15, -7.492833952152939e-17, 1.425247524346415e-16, -3.536654890142397e-18, 1.2664616801613498e-17, 2.6077718132499896e-16, -1.6905404766329277e-16, 5.869302352475609e-17, 2.1771917897320863e-16, 7.604126146267294e-17, -1.8810082655751772e-16, 9.379683965116646e-16, -2.027779286852274e-16, -8.898921641367619e-16, -4.3874007839257624e-16, 7.434913059745356e-18, -3.094081780632013e-16, -9.6576365370981e-16, -1.782105558577791e-15, -2.7765300125288505e-16, 0.39731127818168616, -0.18725659151430013], [-0.03694943469000893, -2.433821872330018e-16, -5.377040798099404e-17, -1.268778573826182e-15, 5.697192192200434e-16, 7.437229396632891e-16, -1.1042189042385735e-16, 3.344411790071421e-16, 1.0, 4.3560780107095135e-16, -2.8013697927814445e-16, 2.4870425457504684e-16, 1.8398909286248454e-16, -2.9218563607763307e-16, -8.599156012879489e-16, 4.127776868168695e-16, -5.254741203520614e-16, -2.2695491182086025e-16, -3.6679744894621306e-16, -3.8751862861351176e-16, 2.0337373844141382e-16, 3.892797882576912e-16, 2.026927304278977e-16, 6.377260397492483e-17, -1.0470966864794954e-16, -4.653279299017573e-16, -1.7272763062777551e-16, 1.2999428307434422e-16, -6.200929902923697e-16, -0.10307909564498216, 0.019875123914794384], [-0.008660433697684605, -1.5136779944803127e-16, 1.9784883982576268e-17, 5.568366908598342e-16, 6.92324681822723e-16, 7.391701641490924e-16, 4.1312074945098704e-16, 1.1225014439079958e-15, 4.3560780107095135e-16, 1.0, -4.642273732835462e-16, 1.354679871690734e-16, -1.0793141135786758e-15, 2.25107172875499e-15, 3.784757449242497e-15, -1.0511668941135748e-15, -1.2140863766816202e-15, 1.1136947155757017e-15, 4.993240413816944e-16, -1.3761346879436734e-16, -2.3437201255055754e-16, 1.9369527624153884e-16, -7.071869168133064e-16, -5.214137433230766e-16, -1.4303433360827164e-16, 6.757763488818423e-16, -7.888852631707746e-16, -6.709655453239168e-17, 1.1105414147536788e-15, -0.044245601964446046, -0.0977326860740807], [0.030616628592319686, 7.388134717351061e-17, -3.9913938358309816e-16, 1.1565865750566837e-15, 2.232684984042872e-16, -5.202305881659873e-16, 5.932243209613179e-17, -7.492833952152939e-17, -2.8013697927814445e-16, -4.642273732835462e-16, 1.0, -4.622103201113089e-16, 1.7718690256134556e-15, -5.41846042363259e-16, 2.635935707413199e-16, 5.786331888867675e-16, 3.5454495198324955e-16, 1.5429548968530055e-15, 3.9024229309672283e-16, 3.437632550965993e-17, -1.3315562020888575e-15, 1.177546680203721e-15, -6.418201898812593e-16, 3.2144914548249394e-16, -1.3558851667401352e-16, -2.8460524613966964e-16, -3.028119044190825e-16, -2.1979766088647894e-16, 4.864782115587085e-17, -0.10150214079143287, -0.21688294364103206], [-0.24768943748667419, 2.1254983311063253e-16, 1.9754261716388057e-16, 1.5768296423313399e-15, 3.459380257636673e-16, 7.203963319401883e-16, 1.9805032684309883e-15, 1.425247524346415e-16, 2.4870425457504684e-16, 1.354679871690734e-16, -4.622103201113089e-16, 1.0, 6.370788814620535e-16, 1.9583765492499135e-16, 2.700918120522286e-16, 1.33232289054777e-15, 5.840590486423018e-16, 7.151184677340279e-16, 1.4409133966272747e-16, -7.389747856226886e-16, -1.4812986481925614e-16, -5.658364095024855e-16, 7.772895273742887e-16, -4.50533169539145e-16, 1.9332673743056163e-15, -5.600474870340768e-16, -1.0032214647448814e-16, -2.6402807036751134e-16, -3.7923136685329124e-16, 0.00010397702176455398, 0.15487564474394433], [0.12434806837193216, 2.0534566920177348e-16, -9.568709787237782e-17, 6.310231445379778e-16, -5.625517514717779e-16, 7.412552025077167e-16, 2.3754678641019686e-16, -3.536654890142397e-18, 1.8398909286248454e-16, -1.0793141135786758e-15, 1.7718690256134556e-15, 6.370788814620535e-16, 1.0, -2.321486470875369e-14, 2.770713709609466e-17, -1.3604164848978839e-15, 5.335133837880831e-16, 5.648453498612154e-16, 3.0362933537772255e-17, 1.4695566932489226e-16, 3.4302823082768627e-16, 7.300526505643876e-16, 1.6446989102745604e-16, 1.8008849567119045e-16, 4.436512313010862e-16, -5.712973328249079e-16, -2.3599688285863116e-16, -4.672390666543685e-16, 6.415167377154613e-16, -0.009541802153205721, -0.26059292487722485], [-0.06590202369761909, -2.4256031737394643e-17, 6.295388359367237e-16, 2.807651947490283e-16, 1.3033060401606038e-16, 5.88699112533171e-16, -1.2111822796008627e-16, 1.2664616801613498e-17, -2.9218563607763307e-16, 2.25107172875499e-15, -5.41846042363259e-16, 1.9583765492499135e-16, -2.321486470875369e-14, 1.0, 2.1619667447619242e-15, 1.3881430727848171e-16, 6.044196816561422e-16, 7.58443618897532e-17, 4.157329569868424e-16, -1.861400225975483e-16, 5.623856068616621e-18, 1.0084610412063391e-16, 6.747721388834886e-17, -7.132063821134473e-16, -1.3974698480577809e-16, -5.4976118194831325e-16, -1.7692551719944352e-16, -4.720898350671909e-16, 1.1443723212653693e-15, 0.005293409030421471, -0.004569778799461309], [-0.09875681920622491, -5.020280380415147e-16, -1.7305655729049333e-16, 4.739859022371114e-16, 2.282279888410829e-16, 6.56514268095602e-16, 2.6213119453640026e-16, 2.6077718132499896e-16, -8.599156012879489e-16, 3.784757449242497e-15, 2.635935707413199e-16, 2.700918120522286e-16, 2.770713709609466e-17, 2.1619667447619242e-15, 1.0, -3.808117677028143e-17, -1.4398579669506511e-15, 1.1625292244039494e-15, 1.6423778676319633e-15, 1.9770204722750855e-16, -1.1813415810258678e-17, -3.356561456685497e-16, 3.7403829306912934e-16, 3.8832038551662737e-16, 2.0034820594137143e-16, -8.547932209845472e-16, -1.6603270649022016e-16, 1.0442741526232177e-16, 2.289426763919487e-15, 0.03375117176310099, -0.3025436958044028], [-0.18345327348103557, 3.5477819410318954e-16, -4.995813738381819e-17, 9.068793155133045e-16, 1.3776486407170148e-16, -8.720275105769596e-16, -1.531187930589043e-15, -1.6905404766329277e-16, 4.127776868168695e-16, -1.0511668941135748e-15, 5.786331888867675e-16, 1.33232289054777e-15, -1.3604164848978839e-15, 1.3881430727848171e-16, -3.808117677028143e-17, 1.0, 1.3323897310013163e-15, 6.647712204946155e-16, 3.475831683906772e-16, -1.483184738613011e-15, 4.3000855225009244e-16, 6.605262611180825e-17, -4.208920909942288e-16, -3.912242622329936e-16, -4.478262594798636e-16, 3.206422537749195e-16, 2.8177912755469397e-16, -1.143519016628987e-15, -1.1941296558075896e-15, -0.002985848124560203, -0.004223402267856675], [0.011902867722434273, 7.212815001934148e-17, 1.1773156245287562e-17, 8.299444784584843e-16, -9.614528436638084e-16, 2.246261396202371e-15, 2.62367236701838e-18, 5.869302352475609e-17, -5.254741203520614e-16, -1.2140863766816202e-15, 3.5454495198324955e-16, 5.840590486423018e-16, 5.335133837880831e-16, 6.044196816561422e-16, -1.4398579669506511e-15, 1.3323897310013163e-15, 1.0, 2.4824133407817586e-15, -2.4209151101527034e-15, 1.3072408226766222e-15, 5.176563991109766e-16, -4.715089809650195e-16, -7.923386632671353e-17, 5.020770392579101e-16, -3.005984585691083e-16, -1.3454182802830804e-15, -7.290009860413427e-16, 6.789513022251935e-16, 7.588849292409198e-16, -0.00390952671356023, -0.19653894030401736], [-0.07329721331779822, -3.87983961824813e-16, -2.6852960349785897e-16, 7.614711699539666e-16, -2.699612312806123e-16, 1.2819137171547366e-16, 2.0156175061319107e-16, 2.1771917897320863e-16, -2.2695491182086025e-16, 1.1136947155757017e-15, 1.5429548968530055e-15, 7.151184677340279e-16, 5.648453498612154e-16, 7.58443618897532e-17, 1.1625292244039494e-15, 6.647712204946155e-16, 2.4824133407817586e-15, 1.0, -4.894900789370085e-15, -3.883099234888021e-16, -1.3903082185168376e-15, -8.230527090790586e-16, -8.743398013835714e-16, 3.706214006042251e-16, -2.4038276613810414e-16, 2.666806350880763e-16, 6.932833169370984e-16, 6.148525149662035e-16, -5.5345396559478415e-17, 0.007309042077000943, -0.32648106724371595], [0.09043813254861119, 3.230205740239066e-17, 3.2846050560664826e-16, 1.5098965169385715e-16, -5.103644326568441e-16, 5.308589701106476e-16, 1.2238142286241463e-16, 7.604126146267294e-17, -3.6679744894621306e-16, 4.993240413816944e-16, 3.9024229309672283e-16, 1.4409133966272747e-16, 3.0362933537772255e-17, 4.157329569868424e-16, 1.6423778676319633e-15, 3.475831683906772e-16, -2.4209151101527034e-15, -4.894900789370085e-15, 1.0, -2.499137803305714e-15, -3.7113023021587404e-16, -9.408679913179306e-16, -4.819364879908379e-16, -1.9120062578048154e-16, -8.986915787227416e-17, -6.629212319357846e-17, 2.990167114552731e-16, 2.242790892503769e-16, 7.976796011923423e-16, 0.03565034071999803, -0.11148525388904133], [0.028975302561134116, 1.5020239355025085e-16, -7.118719066768033e-18, 3.463522445596662e-16, -3.9805573017882795e-16, -1.4504208046983195e-16, -1.865597144392931e-16, -1.8810082655751772e-16, -3.8751862861351176e-16, -1.3761346879436734e-16, 3.437632550965993e-17, -7.389747856226886e-16, 1.4695566932489226e-16, -1.861400225975483e-16, 1.9770204722750855e-16, -1.483184738613011e-15, 1.3072408226766222e-15, -3.883099234888021e-16, -2.499137803305714e-15, 1.0, 2.614882341538791e-16, 5.115884856313123e-16, -1.1637680017755397e-15, 7.032034760831833e-16, 2.5877075288493672e-17, 9.577163384465414e-16, 5.898033286517297e-16, -2.959370459016359e-16, -1.4053791305781839e-15, -0.056150787231159356, 0.034783013036515056], [-0.05086601846835266, 4.654551139305108e-16, 2.50667497634529e-16, -9.316408952450645e-16, -1.8572469274698646e-16, -3.5540572101531124e-16, -1.8587549872133942e-16, 9.379683965116646e-16, 2.0337373844141382e-16, -2.3437201255055754e-16, -1.3315562020888575e-15, -1.4812986481925614e-16, 3.4302823082768627e-16, 5.623856068616621e-18, -1.1813415810258678e-17, 4.3000855225009244e-16, 5.176563991109766e-16, -1.3903082185168376e-15, -3.7113023021587404e-16, 2.614882341538791e-16, 1.0, -7.614596864048146e-16, 1.0092853441649329e-15, 2.7128849971219144e-16, 1.2772145475794786e-16, 1.410053578162753e-16, -2.8035038658351056e-16, -1.1388292622518563e-15, -2.436795485900816e-16, 0.3394034045461662, 0.020090324196974638], [0.04473572628908045, -2.4574089417386587e-16, -8.480446676665688e-17, 5.706192013553349e-17, -1.9495531570649426e-16, -3.9209757534272204e-16, 5.83331648964142e-17, -2.027779286852274e-16, 3.892797882576912e-16, 1.9369527624153884e-16, 1.177546680203721e-15, -5.658364095024855e-16, 7.300526505643876e-16, 1.0084610412063391e-16, -3.356561456685497e-16, 6.605262611180825e-17, -4.715089809650195e-16, -8.230527090790586e-16, -9.408679913179306e-16, 5.115884856313123e-16, -7.614596864048146e-16, 1.0, 3.649907950603145e-15, 8.119580111568814e-16, 1.7610536429210076e-16, -1.686082241916443e-16, -5.557329265483427e-16, -1.2112813171061738e-15, 5.278775256171777e-16, 0.10599892763771585, 0.04041338061057565], [0.14405905486145879, -4.2909438718268266e-16, 1.5263331954819332e-16, -1.1339017399048806e-15, -6.276051371170312e-17, 1.2537514849245887e-16, -4.705234695674811e-19, -8.898921641367619e-16, 2.026927304278977e-16, -7.071869168133064e-16, -6.418201898812593e-16, 7.772895273742887e-16, 1.6446989102745604e-16, 6.747721388834886e-17, 3.7403829306912934e-16, -4.208920909942288e-16, -7.923386632671353e-17, -8.743398013835714e-16, -4.819364879908379e-16, -1.1637680017755397e-15, 1.0092853441649329e-15, 3.649907950603145e-15, 1.0, -7.303916009614304e-17, 9.970809319742974e-17, -5.018574548524348e-16, -2.5031866261963618e-17, 8.461336896977236e-17, -6.627203072789682e-16, -0.06480064637320102, 0.0008053175052983079], [0.05114236494177282, 6.168652436530227e-16, 1.6342312638331767e-16, -4.983034749508378e-16, 9.164206002886586e-17, -8.428682666724684e-18, 1.0467124490962339e-16, -4.3874007839257624e-16, 6.377260397492483e-17, -5.214137433230766e-16, 3.2144914548249394e-16, -4.50533169539145e-16, 1.8008849567119045e-16, -7.132063821134473e-16, 3.8832038551662737e-16, -3.912242622329936e-16, 5.020770392579101e-16, 3.706214006042251e-16, -1.9120062578048154e-16, 7.032034760831833e-16, 2.7128849971219144e-16, 8.119580111568814e-16, -7.303916009614304e-17, 1.0, 2.1305190029328768e-17, -8.232727103076186e-17, 1.1145241168236824e-15, 2.839721244163519e-16, 1.4819033445012514e-15, -0.11263255363253537, -0.0026851557402507824], [-0.016181868459307136, -4.4251562937334496e-17, 1.2479254148791624e-17, 2.686833641516197e-19, 1.5846375199907873e-16, -1.1492545365112402e-15, -1.0715891491067084e-15, 7.434913059745356e-18, -1.0470966864794954e-16, -1.4303433360827164e-16, -1.3558851667401352e-16, 1.9332673743056163e-15, 4.436512313010862e-16, -1.3974698480577809e-16, 2.0034820594137143e-16, -4.478262594798636e-16, -3.005984585691083e-16, -2.4038276613810414e-16, -8.986915787227416e-17, 2.5877075288493672e-17, 1.2772145475794786e-16, 1.7610536429210076e-16, 9.970809319742974e-17, 2.1305190029328768e-17, 1.0, 1.0153909433800983e-15, 1.3437216725460246e-16, -2.2741417470201383e-16, -2.819804827567825e-16, 0.005146217430766927, -0.007220906715952582], [-0.23308279059831072, -9.605737402666084e-16, -4.478845863905263e-16, -1.1047337449307866e-15, 6.0707156393623205e-16, 4.808531869137339e-16, 4.562860891491776e-16, -3.094081780632013e-16, -4.653279299017573e-16, 6.757763488818423e-16, -2.8460524613966964e-16, -5.600474870340768e-16, -5.712973328249079e-16, -5.4976118194831325e-16, -8.547932209845472e-16, 3.206422537749195e-16, -1.3454182802830804e-15, 2.666806350880763e-16, -6.629212319357846e-17, 9.577163384465414e-16, 1.410053578162753e-16, -1.686082241916443e-16, -5.018574548524348e-16, -8.232727103076186e-17, 1.0153909433800983e-15, 1.0, 2.646516743753724e-15, -6.406679398801401e-16, -7.008939470404916e-16, -0.047836863176140484, 0.0033077055972996613], [-0.04140710060605856, -1.5812895377398922e-17, 2.0573095296611221e-16, -1.2380624286864503e-16, -4.247267766169872e-16, 4.3195414687166863e-16, -1.3570673248129112e-16, -9.6576365370981e-16, -1.7272763062777551e-16, -7.888852631707746e-16, -3.028119044190825e-16, -1.0032214647448814e-16, -2.3599688285863116e-16, -1.7692551719944352e-16, -1.6603270649022016e-16, 2.8177912755469397e-16, -7.290009860413427e-16, 6.932833169370984e-16, 2.990167114552731e-16, 5.898033286517297e-16, -2.8035038658351056e-16, -5.557329265483427e-16, -2.5031866261963618e-17, 1.1145241168236824e-15, 1.3437216725460246e-16, 2.646516743753724e-15, 1.0, -3.667714660858756e-16, -2.782203783187239e-16, -0.003208037150978886, 0.0044553975012833254], [-0.0051345911239974755, 1.1981236332134924e-16, -4.966952901962228e-16, 1.0457467776682414e-15, 3.977060870415758e-17, 6.590482071768851e-16, -4.452461023430561e-16, -1.782105558577791e-15, 1.2999428307434422e-16, -6.709655453239168e-17, -2.1979766088647894e-16, -2.6402807036751134e-16, -4.672390666543685e-16, -4.720898350671909e-16, 1.0442741526232177e-16, -1.143519016628987e-15, 6.789513022251935e-16, 6.148525149662035e-16, 2.242790892503769e-16, -2.959370459016359e-16, -1.1388292622518563e-15, -1.2112813171061738e-15, 8.461336896977236e-17, 2.839721244163519e-16, -2.2741417470201383e-16, -6.406679398801401e-16, -3.667714660858756e-16, 1.0, -3.0612868120245353e-16, 0.028825463424359793, 0.01757972818951348], [-0.009412688179052135, 2.0830815396728918e-15, -5.093835621862943e-16, 9.775546470754552e-16, -2.7614028067346953e-18, -5.6139507078607e-18, 2.5947542005622326e-16, -2.7765300125288505e-16, -6.200929902923697e-16, 1.1105414147536788e-15, 4.864782115587085e-17, -3.7923136685329124e-16, 6.415167377154613e-16, 1.1443723212653693e-15, 2.289426763919487e-15, -1.1941296558075896e-15, 7.588849292409198e-16, -5.5345396559478415e-17, 7.976796011923423e-16, -1.4053791305781839e-15, -2.436795485900816e-16, 5.278775256171777e-16, -6.627203072789682e-16, 1.4819033445012514e-15, -2.819804827567825e-16, -7.008939470404916e-16, -2.782203783187239e-16, -3.0612868120245353e-16, 1.0, 0.010258215893044719, 0.00953604091623609], [-0.010596373389030208, -0.22770865292240447, -0.5314089393280346, -0.2108804752899098, 0.09873166631356645, -0.38635625616306496, 0.2159811802252743, 0.39731127818168616, -0.10307909564498216, -0.044245601964446046, -0.10150214079143287, 0.00010397702176455398, -0.009541802153205721, 0.005293409030421471, 0.03375117176310099, -0.002985848124560203, -0.00390952671356023, 0.007309042077000943, 0.03565034071999803, -0.056150787231159356, 0.3394034045461662, 0.10599892763771585, -0.06480064637320102, -0.11263255363253537, 0.005146217430766927, -0.047836863176140484, -0.003208037150978886, 0.028825463424359793, 0.010258215893044719, 1.0, 0.005631753006768552], [-0.012322570929245588, -0.10134729859508294, 0.0912886503446179, -0.19296082706741602, 0.13344748623900718, -0.09497429899144802, -0.04364316069996494, -0.18725659151430013, 0.019875123914794384, -0.0977326860740807, -0.21688294364103206, 0.15487564474394433, -0.26059292487722485, -0.004569778799461309, -0.3025436958044028, -0.004223402267856675, -0.19653894030401736, -0.32648106724371595, -0.11148525388904133, 0.034783013036515056, 0.020090324196974638, 0.04041338061057565, 0.0008053175052983079, -0.0026851557402507824, -0.007220906715952582, 0.0033077055972996613, 0.0044553975012833254, 0.01757972818951348, 0.00953604091623609, 0.005631753006768552, 1.0]]
